seq	delay
1	0.60005
2	25.6
3	17.6
4	15.6
5	38.6
6	36.6
7	33.6
8	11.6
9	8.6
10	35.6
11	31.6
12	30.6
13	15.6
14	13.6
15	35.6
16	18.6
17	17.6
18	22.6
19	21.6
20	9.6
21	7.6
22	6.6
23	4.6
24	1.6
25	0.6
26	29.6
27	32.6
28	28.6
29	7.6
30	5.6
31	30.6
32	27.6
33	23.6
34	20.6
35	14.6
36	28.6
37	36.6
38	29.6
39	28.6
40	31.6
41	36.6
42	28.6
43	18.6
44	23.6
45	15.6
46	21.6
47	20.6
48	18.6
49	39.6
50	38.6
51	18.6
52	16.6
53	3.6
54	35.6
55	13.6
56	12.6
57	9.6
58	34.6
59	32.6
60	0.6
61	30.6
62	27.6
63	0.6
64	6.6
65	5.6
66	12.6
67	36.6
68	30.6
69	24.6
70	39.6
71	37.6
72	36.6
73	7.6
74	10.6
75	38.6
76	21.6
77	21.6
78	29.6
79	19.6
80	6.6
81	33.6
82	30.6
83	11.6
84	8.6
85	7.6
86	6.6
87	1.6
88	28.6
89	16.6
90	30.6
91	31.6
92	39.6
93	38.6
94	23.6
95	26.6
96	20.6
97	12.6
98	37.6
99	12.6
100	11.6
101	35.6
102	31.6
103	28.6
104	26.6
105	18.6
106	11.6
107	10.6
108	9.6
109	8.6
110	7.6
111	5.6
112	3.6
113	0.6
114	32.6
115	30.6
116	29.6
117	5.6
118	0.6
119	16.6
120	14.6
121	11.6
122	10.6
123	8.6
124	1.6
125	11.6
126	7.6
127	33.6
128	3.6
129	0.6
130	15.6
131	32.6
132	28.6
133	24.6
134	14.6
135	6.6
136	5.6
137	3.6
138	28.6
139	20.6
140	18.6
141	22.6
142	35.6
143	31.6
144	23.6
145	24.6
146	22.6
147	9.6
148	4.6
149	31.6
150	29.6
151	14.6
152	13.6
153	6.6
154	4.6
155	3.6
156	38.6
157	35.6
158	34.6
159	18.6
160	11.6
161	9.6
162	7.6
163	3.6
164	0.6
165	26.6
166	20.6
167	19.6
168	6.6
169	3.6
170	2.6
171	35.6
172	26.6
173	39.6
174	19.6
175	13.6
176	11.6
177	7.6
178	6.6
179	4.6
180	3.6
181	27.6
182	11.6
183	35.6
184	37.6
185	34.6
186	31.6
187	32.6
188	8.6
189	27.6
190	25.6
191	7.6
192	14.6
193	12.6
194	29.6
195	16.6
196	28.6
197	16.6
198	2.6
199	26.6
200	24.6
201	15.6
202	11.6
203	30.6
204	3.6
205	29.6
206	17.6
207	28.6
208	23.6
209	14.6
210	12.6
211	8.6
212	37.6
213	33.6
214	24.6
215	23.6
216	21.6
217	35.6
218	33.6
219	33.6
220	31.6
221	11.6
222	9.6
223	25.6
224	23.6
225	25.6
226	22.6
227	21.6
228	27.6
229	25.6
230	22.6
231	32.6
232	31.6
233	29.6
234	26.6
235	16.6
236	3.6
237	39.6
238	30.6
239	29.6
240	22.6
241	21.6
242	14.6
243	12.6
244	39.6
245	24.6
246	33.6
247	32.6
248	22.6
249	14.6
250	10.6
251	8.6
252	2.6
253	1.6
254	25.6
255	24.6
256	18.6
257	15.6
258	4.6
259	1.6
260	0.6
261	39.6
262	35.6
263	34.6
264	30.6
265	20.6
266	15.6
267	14.6
268	12.6
269	34.6
270	19.6
271	17.6
272	10.6
273	7.6
274	6.6
275	5.6
276	4.6
277	3.6
278	1.6
279	39.6
280	36.6
281	33.6
282	31.6
283	29.6
284	27.6
285	23.6
286	18.6
287	2.6
288	0.6
289	13.6
290	29.6
291	28.6
292	6.6
293	4.6
294	2.6
295	1.6
296	35.6
297	32.6
298	22.6
299	18.6
300	14.6
301	3.6
302	37.6
303	31.6
304	28.6
305	27.6
306	24.6
307	23.6
308	16.6
309	14.6
310	13.6
311	11.6
312	9.6
313	5.6
314	4.6
315	33.6
316	32.6
317	25.6
318	17.6
319	3.6
320	2.6
321	1.6
322	0.6
323	38.6
324	36.6
325	25.6
326	22.6
327	17.6
328	16.6
329	14.6
330	7.6
331	6.6
332	3.6
333	1.6
334	37.6
335	35.6
336	30.6
337	22.6
338	21.6
339	10.6
340	9.6
341	7.6
342	3.6
343	38.6
344	35.6
345	28.6
346	26.6
347	39.6
348	38.6
349	27.6
350	22.6
351	20.6
352	5.6
353	2.6
354	34.6
355	32.6
356	31.6
357	25.6
358	10.6
359	3.6
360	0.6
361	38.6
362	37.6
363	33.6
364	29.6
365	23.6
366	12.6
367	9.6
368	23.6
369	18.6
370	17.6
371	9.6
372	7.6
373	39.6
374	34.6
375	24.6
376	22.6
377	20.6
378	29.6
379	26.6
380	17.6
381	16.6
382	39.6
383	36.6
384	35.6
385	30.6
386	27.6
387	24.6
388	22.6
389	17.6
390	14.6
391	12.6
392	9.6
393	6.6
394	5.6
395	1.6
396	25.6
397	21.6
398	20.6
399	19.6
400	17.6
401	13.6
402	4.6
403	3.6
404	0.6
405	38.6
406	37.6
407	34.6
408	33.6
409	29.6
410	28.6
411	26.6
412	24.6
413	23.6
414	21.6
415	20.6
416	8.6
417	5.6
418	4.6
419	1.6
420	39.6
421	33.6
422	32.6
423	29.6
424	23.6
425	21.6
426	20.6
427	19.6
428	18.6
429	16.6
430	6.6
431	3.6
432	39.6
433	37.6
434	32.6
435	23.6
436	20.6
437	18.6
438	17.6
439	8.6
440	6.6
441	4.6
442	0.6
443	37.6
444	30.6
445	23.6
446	20.6
447	19.6
448	14.6
449	13.6
450	3.6
451	38.6
452	36.6
453	35.6
454	28.6
455	17.6
456	10.6
457	3.6
458	37.6
459	35.6
460	33.6
461	31.6
462	20.6
463	3.6
464	0.6
465	36.6
466	21.6
467	19.6
468	13.6
469	5.6
470	3.6
471	34.6
472	31.6
473	26.6
474	24.6
475	23.6
476	14.6
477	9.6
478	8.6
479	3.6
480	2.6
481	35.6
482	34.6
483	32.6
484	24.6
485	15.6
486	8.6
487	6.6
488	5.6
489	3.6
490	34.6
491	11.6
492	9.6
493	3.6
494	1.6
495	0.6
496	38.6
497	36.6
498	29.6
499	18.6
500	17.6
501	15.6
502	13.6
503	12.6
504	11.6
505	8.6
506	3.6
507	38.6
508	34.6
509	33.6
510	29.6
511	28.6
512	26.6
513	25.6
514	23.6
515	19.6
516	25.6
517	10.6
518	1.6
519	37.6
520	22.6
521	14.6
522	7.6
523	1.6
524	29.6
525	24.6
526	21.6
527	18.6
528	24.6
529	17.6
530	11.6
531	6.6
532	2.6
533	33.6
534	29.6
535	14.6
536	1.6
537	18.6
538	31.6
539	16.6
540	5.6
541	2.6
542	29.6
543	26.6
544	20.6
545	12.6
546	3.6
547	0.6
548	30.6
549	26.6
550	23.6
551	20.6
552	18.6
553	16.6
554	12.6
555	10.6
556	6.6
557	2.6
558	33.6
559	30.6
560	29.6
561	25.6
562	24.6
563	16.6
564	13.6
565	6.6
566	5.6
567	35.6
568	30.6
569	25.6
570	23.6
571	8.6
572	6.6
573	2.6
574	0.6
575	38.6
576	31.6
577	30.6
578	29.6
579	9.6
580	1.6
581	38.6
582	36.6
583	35.6
584	28.6
585	15.6
586	10.6
587	3.6
588	36.6
589	35.6
590	25.6
591	24.6
592	22.6
593	21.6
594	20.6
595	19.6
596	18.6
597	16.6
598	15.6
599	14.6
600	13.6
601	12.6
602	11.6
603	9.6
604	4.6
605	20.6
606	18.6
607	14.6
608	5.6
609	3.6
610	38.6
611	36.6
612	19.6
613	7.6
614	6.6
615	5.6
616	39.6
617	37.6
618	35.6
619	34.6
620	32.6
621	30.6
622	27.6
623	24.6
624	22.6
625	1.6
626	37.6
627	31.6
628	30.6
629	29.6
630	19.6
631	18.6
632	17.6
633	16.6
634	15.6
635	12.6
636	2.6
637	1.6
638	37.6
639	35.6
640	31.6
641	27.6
642	24.6
643	19.6
644	3.6
645	34.6
646	31.6
647	29.6
648	11.6
649	8.6
650	5.6
651	1.6
652	28.6
653	27.6
654	25.6
655	19.6
656	17.6
657	12.6
658	10.6
659	3.6
660	0.6
661	25.6
662	12.6
663	10.6
664	32.6
665	28.6
666	8.6
667	35.6
668	34.6
669	16.6
670	13.6
671	10.6
672	1.6
673	38.6
674	15.6
675	14.6
676	9.6
677	3.6
678	37.6
679	34.6
680	10.6
681	9.6
682	6.6
683	4.6
684	1.6
685	37.6
686	27.6
687	27.6
688	0.6
689	39.6
690	37.6
691	32.6
692	23.6
693	20.6
694	32.6
695	30.6
696	7.6
697	3.6
698	39.6
699	31.6
700	28.6
701	35.6
702	13.6
703	9.6
704	5.6
705	38.6
706	30.6
707	22.6
708	21.6
709	39.6
710	31.6
711	30.6
712	16.6
713	14.6
714	29.6
715	27.6
716	20.6
717	5.6
718	0.6
719	37.6
720	31.6
721	29.6
722	27.6
723	25.6
724	21.6
725	19.6
726	5.6
727	34.6
728	33.6
729	30.6
730	18.6
731	2.6
732	16.6
733	1.6
734	38.6
735	34.6
736	32.6
737	11.6
738	28.6
739	26.6
740	12.6
741	38.6
742	8.6
743	31.6
744	25.6
745	22.6
746	16.6
747	39.6
748	37.6
749	35.6
750	33.6
751	24.6
752	21.6
753	6.6
754	37.6
755	27.6
756	19.6
757	17.6
758	16.6
759	13.6
760	1.6
761	34.6
762	33.6
763	28.6
764	5.6
765	3.6
766	2.6
767	30.6
768	28.6
769	18.6
770	14.6
771	2.6
772	32.6
773	8.6
774	38.6
775	16.6
776	14.6
777	29.6
778	25.6
779	21.6
780	15.6
781	29.6
782	23.6
783	34.6
784	0.6
785	39.6
786	7.6
787	25.6
788	39.6
789	35.6
790	28.6
791	23.6
792	2.6
793	1.6
794	37.6
795	34.6
796	2.6
797	34.6
798	32.6
799	27.6
800	29.6
801	28.6
802	25.6
803	8.6
804	34.6
805	9.6
806	20.6
807	1.6
808	30.6
809	8.6
810	6.6
811	35.6
812	29.6
813	10.6
814	8.6
815	35.6
816	34.6
817	29.6
818	36.6
819	1.6
820	37.6
821	12.6
822	38.6
823	36.6
824	30.6
825	0.6
826	13.6
827	9.6
828	6.6
829	15.6
830	12.6
831	6.6
832	3.6
833	15.6
834	21.6
835	3.6
836	32.6
837	34.6
838	5.6
839	3.6
840	6.6
841	30.6
842	26.6
843	30.6
844	4.6
845	21.6
846	36.6
847	5.6
848	36.6
849	34.6
850	8.6
851	20.6
852	7.6
853	6.6
854	3.6
855	0.6
856	37.6
857	35.6
858	33.6
859	28.6
860	27.6
861	25.6
862	21.6
863	19.6
864	18.6
865	12.6
866	34.6
867	16.6
868	13.6
869	2.6
870	38.6
871	26.6
872	9.6
873	1.6
874	0.6
875	18.6
876	37.6
877	36.6
878	35.6
879	33.6
880	31.6
881	25.6
882	15.6
883	29.6
884	23.6
885	14.6
886	10.6
887	8.6
888	4.6
889	38.6
890	35.6
891	33.6
892	38.6
893	12.6
894	10.6
895	20.6
896	0.599999999999
897	34.6
898	33.6
899	15.6
900	3.6
901	39.6
902	39.6
903	38.6
904	37.6
905	22.6
906	19.6
907	30.6
908	22.6
909	37.6
910	34.6
911	10.6
912	39.6
913	19.6
914	13.6
915	36.6
916	29.6
917	24.6
918	13.6
919	8.6
920	4.6
921	39.6
922	31.6
923	20.6
924	19.6
925	5.6
926	38.6
927	34.6
928	26.6
929	14.6
930	8.6
931	7.6
932	2.6
933	38.6
934	30.6
935	29.6
936	27.6
937	21.6
938	11.6
939	8.6
940	2.6
941	0.599999999999
942	32.6
943	31.6
944	25.6
945	14.6
946	4.6
947	28.6
948	13.6
949	12.6
950	10.6
951	6.6
952	1.6
953	37.6
954	24.6
955	21.6
956	18.6
957	16.6
958	12.6
959	9.6
960	8.6
961	35.6
962	24.6
963	4.6
964	37.6
965	22.6
966	18.6
967	11.6
968	9.6
969	5.6
970	3.6
971	31.6
972	25.6
973	19.6
974	17.6
975	16.6
976	13.6
977	10.6
978	7.6
979	36.6
980	35.6
981	27.6
982	24.6
983	13.6
984	4.6
985	37.6
986	35.6
987	17.6
988	16.6
989	20.6
990	11.6
991	5.6
992	33.6
993	25.6
994	20.6
995	18.6
996	16.6
997	5.6
998	2.6
999	38.6
1000	17.6
