seq	C
1	0.300265
2	0.29886816
3	0.49152
4	0.286642
5	1.038994
6	0.32127
7	0.326082
8	0.245725
9	0.15182
10	1.04943
11	0.25958
12	0.16523
13	1.06962
14	0.26365
15	0.15026
16	0.15025
17	0.15025
18	0.15026
19	0.15026
20	0.15025
21	0.15026
22	0.15026
23	0.15025
24	0.15026
25	0.15026
26	0.15026
27	0.15025
28	0.15026
29	0.15025
30	0.15025
31	0.15025
32	0.15025
33	0.15025
34	0.15026
35	0.15025
36	0.15026
37	0.15026
38	0.15026
39	0.15026
40	0.15025
41	0.15025
42	1.02477
43	0.23662
44	0.28824
45	0.2684
46	0.15026
47	0.15025
48	0.15026
49	0.15025
50	0.15025
51	0.15025
52	0.15025
53	0.15026
54	0.15025
55	0.15026
56	0.15026
57	0.15025
58	0.15025
59	0.15025
60	0.49221
61	1.14721
62	0.21493
63	0.22871
64	0.26768
65	0.23289
66	0.19084
67	0.15026
68	0.15025
69	0.15025
70	0.15026
71	0.15026
72	0.15026
73	0.15025
74	0.15026
75	0.15025
76	0.15026
77	0.15025
78	0.15026
79	0.15025
80	0.15026
81	0.15026
82	0.15025
83	0.15026
84	0.15025
85	0.15025
86	0.15026
87	0.15026
88	0.15026
89	0.15025
90	0.15025
91	0.15026
92	0.15025
93	0.15025
94	0.15026
95	0.15026
96	0.15025
97	0.15025
98	0.15025
99	0.15025
100	0.15026
101	0.72073
102	0.19809
103	0.1503
104	0.1502
105	0.1502
106	0.1503
107	0.1503
108	0.1503
109	0.1502
110	0.1503
111	0.1503
112	0.1503
113	0.1502
114	0.1502
115	0.1503
116	0.1502
117	0.1502
118	0.1503
119	0.1502
120	0.1503
121	0.1503
122	0.1503
123	0.1503
124	0.1502
125	0.1502
126	0.1503
127	0.1503
128	0.1502
129	0.1502
130	0.1503
131	0.1503
132	0.1503
133	0.1502
134	0.1502
135	0.1502
136	0.1502
137	0.1502
138	0.1502
139	0.1503
140	0.1503
141	0.1503
142	0.1503
143	0.1503
144	0.1502
145	0.1502
146	0.1503
147	0.1502
148	0.1503
149	0.1502
150	0.9441
151	1.1065
152	0.1502
153	0.1503
154	0.1502
155	0.1503
156	0.1502
157	0.1503
158	0.1503
159	0.1503
160	0.1503
161	0.1503
162	0.1503
163	0.1503
164	0.1503
165	0.1502
166	0.1502
167	0.1503
168	0.1502
169	0.1503
170	0.1502
171	0.1502
172	0.1502
173	0.1503
174	0.1503
175	0.1503
176	0.1503
177	0.1503
178	0.1503
179	0.1502
180	0.1502
181	0.1503
182	0.1502
183	0.1503
184	0.1502
185	0.1502
186	0.1503
187	0.1502
188	0.1502
189	0.1503
190	0.1503
191	0.1502
192	0.1502
193	0.1502
194	0.1503
195	0.1502
196	0.1503
197	0.1502
198	0.1502
199	0.1502
200	0.1503
201	0.1502
202	0.1503
203	0.1502
204	0.1503
205	0.1502
206	0.1502
207	0.1503
208	0.1503
209	0.1502
210	0.1503
211	0.1502
212	0.1503
213	0.1502
214	0.1503
215	0.9457
216	0.1927
217	0.1953
218	0.2062
219	0.1502
220	0.1503
221	0.1502
222	0.1502
223	0.1503
224	0.1503
225	0.1503
226	0.1502
227	0.1503
228	0.1502
229	0.1502
230	0.1502
231	0.1502
232	0.1502
233	1.0508
234	0.2475
235	0.1503
236	0.1502
237	0.1502
238	0.1503
239	0.1503
240	0.1503
241	0.1503
242	0.1502
243	0.1503
244	0.1503
245	0.1503
246	0.1503
247	0.1502
248	0.1503
249	0.1502
250	0.1503
251	0.1503
252	0.1503
253	0.1503
254	0.1502
255	0.1503
256	0.1503
257	0.1503
258	0.1503
259	0.6853
260	0.2394
261	0.2533
262	0.2731
263	0.4202
264	0.3276
265	0.173
266	0.1503
267	0.1503
268	0.1503
269	0.1503
270	0.1503
271	0.1503
272	0.1503
273	0.1503
274	0.1502
275	0.1503
276	0.1503
277	0.1502
278	0.1502
279	0.4566
280	1.1051
281	1.1027
282	1.124
283	0.1502
284	0.1503
285	0.1503
286	0.1503
287	0.1502
288	0.1502
289	0.1503
290	0.1503
291	0.1503
292	0.1503
293	0.1502
294	0.1503
295	0.1503
296	0.1502
297	0.1503
298	0.1503
299	0.1503
300	0.1503
301	0.1502
302	0.1503
303	0.1503
304	0.1502
305	0.1502
306	0.1503
307	0.1503
308	0.1503
309	0.1503
310	0.1503
311	0.1503
312	0.1503
313	0.1503
314	0.1502
315	0.1503
316	0.1502
317	0.1502
318	0.1503
319	0.1503
320	0.1502
321	0.1503
322	0.1502
323	0.1503
324	0.1503
325	0.1502
326	0.1503
327	0.1503
328	0.1503
329	0.1502
330	0.1502
331	0.1502
332	0.1502
333	0.1503
334	0.1503
335	0.1502
336	1.1133
337	1.1387
338	0.1503
339	0.1502
340	0.1503
341	0.1502
342	0.1502
343	0.9874
344	0.1503
345	0.1503
346	0.1503
347	0.1503
348	0.1503
349	0.1503
350	0.1502
351	0.1503
352	0.1503
353	0.1503
354	0.1502
355	0.1503
356	0.1503
357	0.1502
358	0.1503
359	0.1502
360	0.1502
361	0.1503
362	0.1502
363	0.1503
364	0.1503
365	0.1502
366	0.1502
367	0.1502
368	0.1503
369	0.1503
370	0.1502
371	0.1502
372	0.1502
373	0.1502
374	0.1503
375	0.1503
376	0.1502
377	0.1502
378	0.1502
379	0.1503
380	0.1502
381	0.1503
382	0.1503
383	0.1502
384	0.1503
385	0.1502
386	0.1502
387	0.1503
388	0.1503
389	0.1502
390	0.1502
391	0.1503
392	0.1502
393	1.0583
394	0.1678
395	0.1503
396	1.031
397	0.1984
398	0.1503
399	0.1502
400	0.1502
401	0.1503
402	0.1502
403	0.1503
404	0.1503
405	0.1503
406	0.1502
407	0.1503
408	0.1502
409	0.1502
410	0.1502
411	0.1503
412	0.1503
413	0.1502
414	0.1503
415	0.1503
416	0.1503
417	0.1503
418	0.1503
419	0.1502
420	0.1503
421	0.1503
422	0.1503
423	0.1502
424	0.1503
425	0.1502
426	0.1502
427	0.1503
428	0.1502
429	0.1503
430	0.1502
431	0.1502
432	0.1502
433	0.1502
434	0.1502
435	0.1503
436	0.1502
437	0.1502
438	0.1502
439	0.1503
440	0.1503
441	0.1503
442	0.4138
443	0.262
444	0.2975
445	0.2949
446	0.1641
447	0.1503
448	0.1502
449	0.1502
450	0.1503
451	0.1503
452	0.1503
453	0.1503
454	0.1502
455	0.1502
456	0.1503
457	0.1502
458	0.1503
459	0.1503
460	0.1502
461	0.1503
462	0.1503
463	0.1503
464	0.1502
465	0.1502
466	0.1503
467	0.1502
468	0.1502
469	0.1503
470	0.1503
471	0.1503
472	0.1502
473	0.1502
474	0.1502
475	0.1503
476	0.1503
477	0.1503
478	0.1503
479	0.1503
480	0.1502
481	0.1503
482	0.1503
483	0.1502
484	0.1503
485	0.1502
486	0.1502
487	0.1503
488	0.1503
489	1.1328
490	1.11
491	0.1502
492	0.1502
493	0.1503
494	0.1502
495	0.1503
496	0.1503
497	0.1502
498	0.1502
499	0.1502
500	0.1502
501	0.1503
502	0.1502
503	0.1503
504	0.1502
505	0.1503
506	0.1503
507	0.1503
508	0.1503
509	0.9463
510	1.1378
511	0.2069
512	0.2763
513	0.3467
514	0.1502
515	0.1503
516	0.1502
517	0.1503
518	0.1502
519	0.1502
520	0.1502
521	0.1503
522	0.1503
523	0.1502
524	0.1503
525	0.1502
526	0.1503
527	0.1503
528	0.1503
529	0.1503
530	0.1502
531	0.1503
532	0.1502
533	0.1503
534	0.1502
535	0.1502
536	0.1503
537	0.1502
538	0.1502
539	0.1503
540	0.1503
541	0.1503
542	0.1503
543	0.1502
544	0.1503
545	0.1502
546	0.1502
547	0.1503
548	0.1503
549	0.1502
550	0.1502
551	0.1502
552	0.1502
553	0.1502
554	0.1503
555	0.1502
556	0.1502
557	0.1503
558	0.1503
559	0.1503
560	0.1503
561	0.1503
562	0.1502
563	0.1503
564	0.1502
565	0.1502
566	0.1503
567	0.1503
568	0.1503
569	0.1503
570	0.1503
571	0.1502
572	0.1503
573	0.1503
574	0.1503
575	0.1503
576	0.8001
577	0.2064
578	0.1502
579	0.1502
580	0.1502
581	0.1503
582	0.1503
583	0.1502
584	0.1502
585	0.1502
586	0.1502
587	0.4956
588	0.3286
589	0.3156
590	0.277
591	0.2278
592	0.1628
593	0.1503
594	0.1502
595	0.1502
596	0.1503
597	0.1503
598	0.1503
599	0.1502
600	0.1503
601	0.1503
602	0.1503
603	0.1502
604	0.1502
605	0.1503
606	0.1502
607	0.1502
608	0.1503
609	0.1503
610	0.1503
611	0.1502
612	0.1503
613	0.1502
614	0.1503
615	0.1502
616	0.1503
617	0.1503
618	0.1503
619	0.1502
620	0.1503
621	0.1503
622	0.1502
623	0.1502
624	0.1502
625	0.1502
626	0.1502
627	0.1503
628	0.1502
629	0.1502
630	0.1503
631	0.1503
632	0.5698
633	0.1503
634	0.1502
635	0.1503
636	0.1502
637	0.1503
638	0.1503
639	0.1502
640	0.1502
641	0.1502
642	0.1503
643	0.1503
644	0.1502
645	0.1503
646	0.1503
647	0.1503
648	0.1503
649	0.1503
650	0.1502
651	0.1503
652	0.1503
653	0.1503
654	0.1502
655	0.1502
656	0.1503
657	0.1503
658	0.1502
659	0.1503
660	0.1503
661	0.1503
662	0.1503
663	0.1502
664	0.1502
665	0.1503
666	0.1502
667	0.1503
668	0.1503
669	0.1503
670	0.1502
671	0.1503
672	0.1502
673	0.1503
674	0.1502
675	0.1502
676	0.1502
677	0.1503
678	0.1502
679	0.1502
680	0.1502
681	0.1502
682	0.1502
683	0.1502
684	0.1503
685	0.1503
686	0.1502
687	0.1502
688	0.1502
689	0.1503
690	0.1503
691	0.1503
692	0.1503
693	0.1502
694	0.1503
695	0.1502
696	0.1502
697	0.1502
698	0.1503
699	0.1503
700	0.1503
701	0.1502
702	0.1502
703	0.1503
704	0.1502
705	0.1503
706	0.1502
707	0.1503
708	0.1503
709	0.1502
710	0.1502
711	0.1502
712	0.1502
713	0.1502
714	0.1503
715	0.1502
716	0.1503
717	0.1503
718	0.1502
719	0.1502
720	0.1503
721	0.1502
722	0.1502
723	0.1503
724	0.1503
725	0.1502
726	0.1502
727	0.1502
728	0.1503
729	0.1502
730	0.1503
731	0.1503
732	0.1503
733	0.1503
734	0.1502
735	0.1503
736	0.1502
737	0.5322
738	0.2145
739	0.2025
740	0.3222
741	0.2067
742	1.0749
743	0.1859
744	0.1502
745	0.1502
746	1.1294
747	1.1475
748	0.1642
749	0.1502
750	0.1503
751	0.1502
752	0.1502
753	0.1503
754	0.1502
755	0.1502
756	0.1502
757	0.1503
758	0.1503
759	0.1503
760	0.1503
761	0.1503
762	0.1503
763	0.1503
764	0.1502
765	0.1502
766	0.1503
767	0.9315
768	0.2797
769	0.5298
770	0.4331
771	0.3475
772	0.2271
773	0.2242
774	0.1503
775	0.1502
776	0.1502
777	0.1503
778	0.1502
779	0.1502
780	0.1502
781	0.1502
782	0.1503
783	0.1503
784	0.1502
785	0.1503
786	0.1504
787	0.1502
788	0.1502
789	0.1503
790	0.1503
791	0.1503
792	0.1503
793	0.1502
794	0.1502
795	0.1503
796	0.1503
797	0.1503
798	0.1503
799	0.1503
800	0.1503
801	0.1502
802	0.1502
803	0.1503
804	0.1502
805	0.1503
806	0.1503
807	0.1502
808	0.1502
809	0.1503
810	0.1503
811	0.1503
812	0.1503
813	0.1502
814	0.1502
815	0.1503
816	0.1503
817	0.1502
818	0.1502
819	0.4995
820	0.1503
821	0.1502
822	0.1502
823	0.1503
824	0.1502
825	0.1502
826	0.1503
827	0.1503
828	0.1503
829	0.1503
830	0.1502
831	0.1503
832	0.1503
833	0.1503
834	0.1503
835	0.1502
836	0.1503
837	0.1503
838	0.1502
839	0.1503
840	0.1503
841	0.1503
842	0.1503
843	0.1503
844	0.1502
845	0.1503
846	0.1503
847	0.1502
848	0.1503
849	0.1503
850	0.1503
851	0.1503
852	0.1502
853	0.1503
854	0.1502
855	0.1502
856	0.1503
857	0.1503
858	0.1502
859	0.1502
860	0.1503
861	0.1503
862	0.1503
863	0.1502
864	0.1502
865	0.1502
866	0.1502
867	0.1503
868	0.1503
869	0.8507
870	1.0971
871	0.1502
872	0.1503
873	0.1502
874	0.7861
875	0.1503
876	0.1503
877	0.1502
878	0.1502
879	0.1503
880	0.1503
881	0.1502
882	0.1503
883	0.1502
884	0.1502
885	0.1502
886	0.1502
887	0.1503
888	0.1503
889	0.1503
890	0.1502
891	0.1502
892	0.1503
893	0.1502
894	0.1503
895	0.1503
896	0.1502
897	0.1502
898	0.1502
899	0.1503
900	0.1502
901	0.1502
902	0.1502
903	0.1503
904	0.1503
905	0.1502
906	0.1503
907	0.1503
908	0.1502
909	0.1502
910	0.1502
911	0.1503
912	0.1503
913	0.1503
914	0.1503
915	0.1503
916	0.1502
917	0.1502
918	0.1502
919	1.1316
920	0.1503
921	0.1502
922	0.1502
923	0.1502
924	0.1503
925	0.1502
926	0.1503
927	0.1503
928	0.1503
929	0.1502
930	0.1503
931	0.1503
932	0.1502
933	0.1502
934	0.1502
935	0.1502
936	0.1503
937	0.1503
938	0.1502
939	0.1503
940	0.1502
941	0.1503
942	0.1502
943	0.1502
944	0.1502
945	0.1503
946	0.1502
947	0.1503
948	0.1503
949	0.1502
950	0.1502
951	0.1503
952	0.1502
953	0.1502
954	0.1503
955	0.7184
956	0.1682
957	1.1459
958	0.1674
959	0.2059
960	0.1502
961	0.1503
962	0.1503
963	0.1502
964	0.1503
965	0.1502
966	0.1503
967	0.1503
968	0.1503
969	0.1502
970	0.1502
971	0.1503
972	0.1502
973	0.1503
974	0.1503
975	0.1502
976	0.1503
977	0.1502
978	0.1502
979	0.6472
980	0.1503
981	0.1502
982	0.1503
983	0.1502
984	0.1503
985	0.1502
986	0.1503
987	0.1503
988	0.1502
989	0.1503
990	0.1502
991	0.1503
992	0.8554
993	0.432
994	0.3165
995	0.2798
996	0.2028
997	0.1923
998	0.1543
999	0.1503
1000	0.8795
