seq	delay
1	0.300033
2	0.3
3	0.3
4	0.6
5	0.6
6	0.6
7	0.4
8	0.4
9	0.4
10	0.2
11	0.2
12	0.2
13	0.5
14	0.5
15	0.5
16	0.3
17	0.3
18	0.3
19	0.6
20	0.6
21	0.6
22	0.4
23	0.4
24	0.4
25	0.2
26	0.2
27	0.2
28	0.5
29	0.5
30	0.5
31	0.3
32	0.3
33	0.3
34	0.6
35	0.6
36	0.6
37	0.4
38	0.4
39	0.4
40	0.2
41	0.2
42	0.2
43	0.5
44	0.5
45	0.5
46	0.3
47	0.3
48	0.3
49	0.6
50	0.6
51	0.6
52	0.4
53	0.4
54	0.4
55	0.2
56	0.2
57	0.2
58	0.5
59	0.5
60	0.5
61	0.3
62	0.3
63	0.3
64	0.6
65	0.6
66	0.6
67	0.4
68	0.4
69	0.4
70	0.2
71	0.2
72	0.2
73	0.5
74	0.5
75	0.5
76	0.3
77	0.3
78	0.3
79	0.6
80	0.6
81	0.6
82	0.4
83	0.4
84	0.4
85	0.2
86	0.2
87	0.2
88	0.5
89	0.5
90	0.5
91	0.3
92	0.3
93	0.3
94	0.6
95	0.6
96	0.6
97	0.4
98	0.4
99	0.4
100	0.2
101	0.2
102	0.2
103	0.5
104	0.5
105	0.5
106	0.3
107	0.3
108	0.3
109	0.6
110	0.6
111	0.6
112	0.4
113	0.4
114	0.4
115	0.2
116	0.2
117	0.2
118	0.5
119	0.5
120	0.5
121	0.3
122	0.3
123	0.3
124	0.6
125	0.6
126	0.6
127	0.4
128	0.4
129	0.4
130	0.2
131	0.2
132	0.2
133	0.5
134	0.5
135	0.5
136	0.3
137	0.3
138	0.3
139	0.6
140	0.6
141	0.6
142	0.4
143	0.4
144	0.4
145	0.2
146	0.2
147	0.2
148	0.5
149	0.5
150	0.5
151	0.3
152	0.3
153	0.3
154	0.6
155	0.6
156	0.6
157	0.4
158	0.4
159	0.4
160	0.2
161	0.2
162	0.2
163	0.5
164	0.5
165	0.5
166	0.3
167	0.3
168	0.3
169	0.6
170	0.6
171	0.6
172	0.4
173	0.4
174	0.4
175	0.2
176	0.2
177	0.2
178	0.5
179	0.5
180	0.5
181	0.3
182	0.3
183	0.3
184	0.6
185	0.6
186	0.6
187	0.4
188	0.4
189	0.4
190	0.2
191	0.2
192	0.2
193	0.5
194	0.5
195	0.5
196	0.3
197	0.3
198	0.3
199	0.6
200	0.6
201	0.6
202	0.4
203	0.4
204	0.4
205	0.2
206	0.2
207	0.2
208	0.5
209	0.5
210	0.5
211	0.3
212	0.3
213	0.3
214	0.6
215	0.6
216	0.6
217	0.4
218	0.4
219	0.4
220	0.2
221	0.2
222	0.2
223	0.5
224	0.5
225	0.5
226	0.3
227	0.3
228	0.3
229	0.6
230	0.6
231	0.6
232	0.4
233	0.4
234	0.4
235	0.2
236	0.2
237	0.2
238	0.5
239	0.5
240	0.5
241	0.3
242	0.3
243	0.3
244	0.6
245	0.6
246	0.6
247	0.4
248	0.4
249	0.4
250	0.2
251	0.2
252	0.2
253	0.5
254	0.5
255	0.5
256	0.3
257	0.3
258	0.3
259	0.6
260	0.6
261	0.6
262	0.4
263	0.4
264	0.4
265	0.2
266	0.2
267	0.2
268	0.5
269	0.5
270	0.5
271	0.3
272	0.3
273	0.3
274	0.6
275	0.6
276	0.6
277	0.4
278	0.4
279	0.4
280	0.2
281	0.2
282	0.2
283	0.5
284	0.5
285	0.5
286	0.3
287	0.3
288	0.3
289	0.6
290	0.6
291	0.6
292	0.4
293	0.4
294	0.4
295	0.2
296	0.2
297	0.2
298	0.5
299	0.5
300	0.5
301	0.3
302	0.3
303	0.3
304	0.6
305	0.6
306	0.6
307	0.4
308	0.4
309	0.4
310	0.2
311	0.2
312	0.2
313	0.5
314	0.5
315	0.5
316	0.3
317	0.3
318	0.3
319	0.6
320	0.6
321	0.6
322	0.4
323	0.4
324	0.4
325	0.2
326	0.2
327	0.2
328	0.5
329	0.5
330	0.5
331	0.3
332	0.3
333	0.3
334	0.6
335	0.6
336	0.6
337	0.4
338	0.4
339	0.4
340	0.2
341	0.2
342	0.2
343	0.5
344	0.5
345	0.5
346	0.3
347	0.3
348	0.3
349	0.6
350	0.6
351	0.6
352	0.4
353	0.4
354	0.4
355	0.2
356	0.2
357	0.2
358	0.5
359	0.5
360	0.5
361	0.3
362	0.3
363	0.3
364	0.6
365	0.6
366	0.6
367	0.4
368	0.4
369	0.4
370	0.2
371	0.2
372	0.2
373	0.5
374	0.5
375	0.5
376	0.3
377	0.3
378	0.3
379	0.6
380	0.6
381	0.6
382	0.4
383	0.4
384	0.4
385	0.2
386	0.2
387	0.2
388	0.5
389	0.5
390	0.5
391	0.3
392	0.3
393	0.3
394	0.6
395	0.6
396	0.6
397	0.4
398	0.4
399	0.4
400	0.2
401	0.2
402	0.2
403	0.5
404	0.5
405	0.5
406	0.3
407	0.3
408	0.3
409	0.6
410	0.6
411	0.6
412	0.4
413	0.4
414	0.4
415	0.2
416	0.2
417	0.2
418	0.5
419	0.5
420	0.5
421	0.3
422	0.3
423	0.3
424	0.6
425	0.6
426	0.6
427	0.4
428	0.4
429	0.4
430	0.2
431	0.2
432	0.2
433	0.5
434	0.5
435	0.5
436	0.3
437	0.3
438	0.3
439	0.6
440	0.6
441	0.6
442	0.4
443	0.4
444	0.4
445	0.2
446	0.2
447	0.2
448	0.5
449	0.5
450	0.5
451	0.3
452	0.3
453	0.3
454	0.6
455	0.6
456	0.6
457	0.4
458	0.4
459	0.4
460	0.2
461	0.2
462	0.2
463	0.5
464	0.5
465	0.5
466	0.3
467	0.3
468	0.3
469	0.6
470	0.6
471	0.6
472	0.4
473	0.4
474	0.41
475	0.2
476	0.2
477	0.21
478	0.5
479	0.5
480	0.51
481	0.3
482	0.3
483	0.31
484	0.6
485	0.6
486	0.61
487	0.4
488	0.4
489	0.41
490	0.2
491	0.2
492	0.21
493	0.51
494	0.5
495	0.51
496	0.31
497	0.3
498	0.31
499	0.61
500	0.61
501	0.61
502	0.41
503	0.41
504	0.41
505	0.21
506	0.21
507	0.21
508	0.51
509	0.51
510	0.51
511	0.31
512	0.31
513	0.31
514	0.61
515	0.61
516	0.61
517	0.41
518	0.41
519	0.41
520	0.21
521	0.21
522	0.21
523	0.51
524	0.51
525	0.51
526	0.31
527	0.31
528	0.309999999999
529	0.610000000001
530	0.610000000001
531	0.610000000001
532	0.41
533	0.41
534	0.41
535	0.209999999999
536	0.209999999999
537	0.209999999999
538	0.51
539	0.51
540	0.51
541	0.309999999999
542	0.309999999999
543	0.309999999999
544	0.610000000001
545	0.610000000001
546	0.610000000001
547	0.41
548	0.41
549	0.41
550	0.209999999999
551	0.209999999999
552	0.209999999999
553	0.51
554	0.51
555	0.51
556	0.309999999999
557	0.309999999999
558	0.309999999999
559	0.610000000001
560	0.610000000001
561	0.610000000001
562	0.41
563	0.41
564	0.41
565	0.209999999999
566	0.209999999999
567	0.209999999999
568	0.51
569	0.51
570	0.51
571	0.309999999999
572	0.309999999999
573	0.309999999999
574	0.610000000001
575	0.610000000001
576	0.610000000001
577	0.41
578	0.41
579	0.41
580	0.209999999999
581	0.209999999999
582	0.209999999999
583	0.51
584	0.51
585	0.51
586	0.309999999999
587	0.309999999999
588	0.309999999999
589	0.610000000001
590	0.610000000001
591	0.610000000001
592	0.41
593	0.41
594	0.41
595	0.209999999999
596	0.209999999999
597	0.209999999999
598	0.51
599	0.51
600	0.51
601	0.309999999999
602	0.309999999999
603	0.309999999999
604	0.610000000001
605	0.610000000001
606	0.610000000001
607	0.41
608	0.41
609	0.41
610	0.209999999999
611	0.209999999999
612	0.209999999999
613	0.51
614	0.51
615	0.51
616	0.309999999999
617	0.309999999999
618	0.309999999999
619	0.610000000001
620	0.610000000001
621	0.610000000001
622	0.41
623	0.41
624	0.41
625	0.209999999999
626	0.209999999999
627	0.209999999999
628	0.51
629	0.51
630	0.51
631	0.309999999999
632	0.309999999999
633	0.309999999999
634	0.610000000001
635	0.610000000001
636	0.610000000001
637	0.41
638	0.41
639	0.41
640	0.209999999999
641	0.209999999999
642	0.209999999999
643	0.51
644	0.51
645	0.51
646	0.309999999999
647	0.309999999999
648	0.309999999999
649	0.610000000001
650	0.610000000001
651	0.610000000001
652	0.41
653	0.41
654	0.41
655	0.209999999999
656	0.209999999999
657	0.209999999999
658	0.51
659	0.51
660	0.51
661	0.309999999999
662	0.309999999999
663	0.309999999999
664	0.610000000001
665	0.610000000001
666	0.610000000001
667	0.41
668	0.41
669	0.41
670	0.209999999999
671	0.209999999999
672	0.209999999999
673	0.51
674	0.51
675	0.51
676	0.309999999999
677	0.309999999999
678	0.309999999999
679	0.610000000001
680	0.610000000001
681	0.610000000001
682	0.41
683	0.41
684	0.41
685	0.209999999999
686	0.209999999999
687	0.209999999999
688	0.51
689	0.51
690	0.51
691	0.309999999999
692	0.309999999999
693	0.309999999999
694	0.610000000001
695	0.610000000001
696	0.610000000001
697	0.41
698	0.41
699	0.41
700	0.209999999999
701	0.209999999999
702	0.209999999999
703	0.51
704	0.51
705	0.5
706	0.299999999999
707	0.299999999999
708	0.299999999999
709	0.6
710	0.6
711	0.6
712	0.4
713	0.4
714	0.4
715	0.200000000001
716	0.200000000001
717	0.200000000001
718	0.5
719	0.5
720	0.5
721	0.299999999999
722	0.299999999999
723	0.299999999999
724	0.6
725	0.6
726	0.6
727	0.4
728	0.4
729	0.4
730	0.200000000001
731	0.200000000001
732	0.200000000001
733	0.5
734	0.5
735	0.5
736	0.299999999999
737	0.299999999999
738	0.299999999999
739	0.6
740	0.6
741	0.6
742	0.4
743	0.4
744	0.4
745	0.200000000001
746	0.200000000001
747	0.200000000001
748	0.5
749	0.5
750	0.5
751	0.299999999999
752	0.299999999999
753	0.299999999999
754	0.6
755	0.6
756	0.6
757	0.4
758	0.4
759	0.4
760	0.200000000001
761	0.200000000001
762	0.200000000001
763	0.5
764	0.5
765	0.5
766	0.299999999999
767	0.299999999999
768	0.299999999999
769	0.6
770	0.6
771	0.6
772	0.4
773	0.4
774	0.4
775	0.200000000001
776	0.200000000001
777	0.200000000001
778	0.5
779	0.5
780	0.5
781	0.299999999999
782	0.299999999999
783	0.299999999999
784	0.6
785	0.6
786	0.6
787	0.4
788	0.4
789	0.4
790	0.200000000001
791	0.200000000001
792	0.200000000001
793	0.5
794	0.5
795	0.5
796	0.299999999999
797	0.299999999999
798	0.299999999999
799	0.6
800	0.6
801	0.6
802	0.4
803	0.4
804	0.4
805	0.200000000001
806	0.200000000001
807	0.200000000001
808	0.5
809	0.5
810	0.5
811	0.299999999999
812	0.299999999999
813	0.299999999999
814	0.6
815	0.6
816	0.6
817	0.4
818	0.4
819	0.4
820	0.200000000001
821	0.200000000001
822	0.200000000001
823	0.5
824	0.5
825	0.5
826	0.299999999999
827	0.299999999999
828	0.299999999999
829	0.6
830	0.6
831	0.6
832	0.4
833	0.4
834	0.4
835	0.200000000001
836	0.200000000001
837	0.200000000001
838	0.5
839	0.5
840	0.5
841	0.299999999999
842	0.299999999999
843	0.299999999999
844	0.6
845	0.6
846	0.6
847	0.4
848	0.4
849	0.4
850	0.200000000001
851	0.200000000001
852	0.200000000001
853	0.5
854	0.5
855	0.5
856	0.299999999999
857	0.299999999999
858	0.299999999999
859	0.6
860	0.6
861	0.6
862	0.4
863	0.4
864	0.4
865	0.200000000001
866	0.200000000001
867	0.200000000001
868	0.5
869	0.5
870	0.5
871	0.299999999999
872	0.299999999999
873	0.299999999999
874	0.6
875	0.6
876	0.6
877	0.4
878	0.4
879	0.4
880	0.200000000001
881	0.200000000001
882	0.200000000001
883	0.5
884	0.5
885	0.5
886	0.299999999999
887	0.299999999999
888	0.299999999999
889	0.6
890	0.6
891	0.6
892	0.4
893	0.4
894	0.4
895	0.200000000001
896	0.200000000001
897	0.200000000001
898	0.5
899	0.5
900	0.5
901	0.299999999999
902	0.299999999999
903	0.299999999999
904	0.599999999999
905	0.599999999999
906	0.599999999999
907	0.400000000001
908	0.400000000001
909	0.400000000001
910	0.200000000001
911	0.200000000001
912	0.200000000001
913	0.5
914	0.5
915	0.5
916	0.299999999999
917	0.299999999999
918	0.299999999999
919	0.599999999999
920	0.599999999999
921	0.599999999999
922	0.400000000001
923	0.400000000001
924	0.400000000001
925	0.200000000001
926	0.200000000001
927	0.200000000001
928	0.5
929	0.5
930	0.5
931	0.299999999999
932	0.299999999999
933	0.299999999999
934	0.599999999999
935	0.599999999999
936	0.599999999999
937	0.400000000001
938	0.400000000001
939	0.400000000001
940	0.200000000001
941	0.200000000001
942	0.200000000001
943	0.5
944	0.5
945	0.5
946	0.299999999999
947	0.299999999999
948	0.299999999999
949	0.599999999999
950	0.599999999999
951	0.599999999999
952	0.400000000001
953	0.400000000001
954	0.400000000001
955	0.200000000001
956	0.200000000001
957	0.200000000001
958	0.5
959	0.5
960	0.5
961	0.299999999999
962	0.299999999999
963	0.299999999999
964	0.599999999999
965	0.599999999999
966	0.599999999999
967	0.400000000001
968	0.400000000001
969	0.400000000001
970	0.200000000001
971	0.200000000001
972	0.200000000001
973	0.5
974	0.5
975	0.5
976	0.299999999999
977	0.299999999999
978	0.299999999999
979	0.599999999999
980	0.599999999999
981	0.599999999999
982	0.400000000001
983	0.400000000001
984	0.400000000001
985	0.200000000001
986	0.200000000001
987	0.200000000001
988	0.5
989	0.5
990	0.5
991	0.299999999999
992	0.299999999999
993	0.299999999999
994	0.599999999999
995	0.599999999999
996	0.599999999999
997	0.400000000001
998	0.400000000001
999	0.400000000001
1000	0.200000000001
