time	size
0	56
15	2
183	22
185	24
202	26
204	29
207	20
229	26
232	17
365	22
369	28
370	17
545	18
547	26
645	17
662	23
663	17
698	19
699	28
1071	29
1073	19
1074	23
1076	21
1079	20
1080	29
1211	26
1288	22
1372	367
1433	26
1435	23
1450	225
1493	2
1497	33
1500	22
1506	35
1652	25
1684	23
1771	23
1772	21
1849	795
1924	26
2052	25
2142	23
2177	20
2225	19
2259	35
2260	28
2262	26
2281	25
2282	20
2302	22
2304	19
2317	81
2325	47
2347	23
2348	26
2351	20
2366	27
2368	637
2400	26
2450	32
2453	29
2480	20
2514	26
2515	28
2548	25
2564	29
2570	27
2576	20
2681	32
2683	26
2684	20
2713	24
2750	35
2802	26
2819	23
2859	892
2931	107
2941	26
2994	32
3047	23
3050	26
3069	30
3072	19
3073	23
3074	19
3079	26
3092	28
3104	20
3130	920
3169	26
3201	29
3202	26
3217	23
3254	17
3260	32
3268	19
3283	20
3308	20
3389	38
3485	20
3529	26
3532	21
3534	31
3542	25
3549	22
3550	20
3551	20
3552	26
3553	18
3555	29
3557	20
3560	32
3568	26
3570	23
3571	20
3595	20
3600	26
3744	26
3746	20
3749	26
3830	27
3832	24
3839	35
3869	32
3913	32
4087	17
4117	20
4160	17
4265	29
4288	26
4292	20
4296	19
4386	26
4474	20
4475	28
4477	26
4492	86
4500	24
4502	21
4538	23
4605	20
4609	20
4617	23
4656	26
4658	17
4671	23
4676	20
4689	23
4691	22
4706	18
4707	23
4834	35
4836	26
4837	19
4842	23
4885	19
4886	20
4902	21
4909	23
4911	20
4913	20
4917	23
4920	23
4934	23
4940	21
4981	47
4994	26
4997	23
4998	21
5005	20
5014	22
5041	23
5061	29
5147	23
5149	26
5153	29
5154	29
5156	26
5157	22
5173	27
5189	20
5205	23
5243	26
5246	19
5249	23
5328	20
5352	20
5413	23
5415	172
5473	25
5506	17
5508	23
5531	20
5544	26
5572	23
5584	23
5598	30
5614	2
5656	17
5665	29
5669	1030
5730	23
5757	20
5771	20
5783	21
5812	20
5817	20
5826	19
5828	26
5832	24
5843	20
5847	16
5856	18
5897	22
5899	21
5925	20
5927	30
6007	20
6009	20
6029	23
6031	1033
6055	26
6057	21
6095	20
6098	21
6099	20
6133	1080
6175	20
6178	20
6248	20
6249	23
6451	20
6454	18
6464	17
6477	22
6481	17
6530	20
6531	22
6658	16
6659	20
6666	18
6668	23
6681	20
6736	32
6767	32
6768	32
6778	56
6786	47
6790	77
6792	13
6798	32
6799	14
6815	174
6816	30
6822	29
6825	23
6836	41
6839	14
6840	89
6841	81
6845	8
6846	10
6850	110
6860	37
6865	268
6866	110
6868	49
6886	92
6901	44
6903	17
6910	5
6913	47
6914	23
6915	35
6916	10
6917	18
6919	26
6921	44
6924	44
6927	17
6929	18
6931	21
6933	73
6937	55
6942	35
6958	41
6960	68
6987	24
7011	41
7012	29
7034	5
7036	8
7038	8
7039	17
7045	20
7048	41
7058	29
7062	20
7066	16
7077	8
7083	17
7089	32
7092	23
7093	23
7096	24
7097	20
7104	23
7106	151
7107	38
7109	26
7111	53
7115	20
7116	92
7127	54
7128	30
7135	163
7143	71
7157	11
7158	85
7159	85
7160	14
7162	64
7164	121
7175	26
7178	26
7183	105
7184	10
7186	10
7193	23
7194	102
7197	22
7199	20
7203	24
7205	23
7210	16
7218	32
7219	26
7230	26
7231	59
7233	26
7237	106
7242	23
7245	16
7252	68
7254	11
7281	26
7282	14
7293	130
7298	28
7300	14
7315	32
7318	14
7326	32
7328	40
7329	37
7335	11
7350	26
7357	14
7360	14
7362	26
7363	14
7367	44
7371	254
7377	35
7388	57
7391	35
7417	85
7422	46
7423	35
7431	52
7433	62
7441	32
7446	17
7456	43
7458	17
7460	27
7491	87
7494	86
7503	82
7504	23
7521	104
7524	27
7525	38
7530	20
7533	17
7536	61
7538	86
7543	97
7546	5
7548	13
7551	23
7554	26
7555	27
7559	384
7575	13
7579	23
7580	23
7581	27
7583	20
7587	57
7596	20
7597	21
7600	21
7602	20
7603	8
7606	28
7607	15
7611	26
7612	26
7614	98
7616	20
7617	26
7619	23
7620	13
7632	11
7635	23
7636	26
7639	64
7641	25
7647	11
7648	22
7651	7
7657	86
7659	26
7660	8
7661	46
7662	14
7664	26
7674	11
7677	14
7681	11
7683	11
7688	38
7697	32
7700	29
7702	20
7703	2
7712	53
7714	29
7716	29
7720	26
7723	23
7730	26
7737	23
7740	23
7741	10
7746	29
7747	14
7757	29
7762	14
7764	21
7765	14
7772	61
7783	18
7790	50
7797	23
7803	13
7805	8
7807	29
7809	144
7820	51
7837	92
7840	26
7844	68
7859	41
7861	18
7867	5
7875	108
7877	26
7886	14
7889	31
7894	20
7896	52
7897	40
7906	44
7911	47
7912	36
7917	52
7918	50
7925	46
7926	49
7928	29
7936	21
7945	29
7952	41
7954	23
7955	32
7957	29
7966	97
7989	35
7991	26
7997	26
7999	61
8000	98
8002	23
8004	87
8011	21
8022	29
8023	98
8025	35
8027	23
8028	8
8029	21
8032	26
8037	19
8042	33
8046	18
8047	20
8051	23
8052	29
8054	22
8055	19
8057	23
8061	34
8095	155
8110	87
8119	38
8123	20
8138	17
8146	29
8153	411
8159	29
8171	5
8176	20
8179	6
8182	29
8216	179
8223	33
8229	4
8234	34
8238	35
8247	26
8251	35
8266	29
8279	38
8302	24
8329	29
8384	74
8395	35
8398	193
8411	78
8414	17
8420	91
8428	29
8437	56
8440	50
8450	31
8454	135
8457	24
8460	45
8462	40
8464	26
8468	87
8470	28
8474	35
8478	17
8487	39
8490	43
8491	8
8495	50
8496	123
8504	44
8507	32
8514	32
8515	11
8525	132
8530	50
8535	38
8537	404
8552	20
8554	23
8558	29
8560	38
8562	44
8569	67
8570	67
8571	67
8591	47
8599	81
8602	40
8604	44
8605	14
8612	10
8625	66
8630	23
8637	71
8644	10
8645	10
8655	14
8656	20
8658	20
8659	77
8660	18
8661	46
8662	21
8664	19
8665	6
8666	26
8667	33
8668	28
8669	15
8671	21
8676	29
8700	20
8702	26
8706	26
8715	26
8717	21
8722	26
8724	17
8741	23
8753	23
8754	23
8755	38
8761	20
8763	23
8765	19
8766	17
8768	23
8770	23
8773	32
8776	17
8778	21
8799	71
8803	19
8809	26
8810	404
8811	20
8821	26
8822	19
8823	28
8824	19
8825	47
8828	24
8838	7
8839	20
8843	20
8845	26
8849	32
8853	44
8856	17
8861	195
8877	23
8886	18
8889	30
8891	14
8909	10
8912	23
8915	27
8919	25
8932	45
8933	34
8935	17
8941	17
8943	26
8948	29
8950	41
8957	26
8960	140
8975	32
8988	51
8990	149
9008	23
9012	26
9032	24
9085	78
9086	32
9184	17
9187	20
9190	27
9199	20
9202	29
9225	29
9226	23
9351	20
9357	20
9363	20
9366	24
9390	22
9391	32
9394	18
9396	21
9399	21
9403	26
9413	19
9493	19
9560	24
9561	20
9563	21
9568	19
9617	29
9620	22
9648	17
9650	20
9873	20
9877	26
9881	20
9889	23
9892	162
9965	21
9987	17
9991	17
9995	20
10002	20
10010	20
10058	20
10059	20
10201	19
10209	26
10210	26
10224	25
10226	23
10251	23
10253	29
10260	20
10275	32
10280	20
10283	20
10289	23
10291	20
10293	25
10295	23
10299	32
10301	25
10315	24
10406	27
10407	25
10410	15
10422	29
10438	17
10464	26
10559	22
10562	26
10566	26
10568	29
10589	20
10612	17
10614	26
10628	19
10642	21
10672	17
10689	20
10695	26
10698	21
10704	21
10721	20
10763	20
10765	30
10767	21
10776	20
10779	30
10834	23
10843	30
10853	16
10861	21
10863	17
10864	26
10867	18
10879	30
10926	23
10927	29
10932	20
10955	23
10957	29
10958	23
10970	28
10972	26
10982	22
10986	20
10998	35
11048	29
11112	26
11162	20
11184	25
11186	20
11211	20
11215	21
11219	22
11265	26
11291	23
11297	20
11326	20
11360	20
11361	20
11433	20
11495	54
11641	20
11645	19
11652	37
11657	20
11718	20
11719	20
11723	23
11766	480
11798	32
11806	20
11808	97
11933	28
12131	29
12172	20
12175	20
12192	32
12206	32
12351	20
12380	17
12399	28
12410	20
12512	17
12514	23
12605	26
12611	35
12790	18
12792	20
12805	20
12806	24
12811	22
12924	18
12959	32
12963	115
13068	20
13202	17
13204	21
13210	27
13240	29
13307	20
13511	26
13514	32
13545	26
13548	26
13554	20
13557	20
13585	29
13659	24
13717	21
13728	19
13766	19
13955	20
13957	20
13994	26
14010	29
14014	20
14050	17
14196	24
14219	20
14284	20
14395	17
14404	20
14406	27
14432	28
14460	23
15033	18
15034	29
15037	22
15040	23
15043	20
15045	30
15047	20
15052	18
15053	19
15055	22
15059	20
15061	26
15062	26
15068	29
15166	26
15224	17
15227	161
15318	32
15402	23
15414	32
15431	48
15439	23
15440	136
15702	23
15763	17
15764	20
15765	20
15767	23
15769	20
15935	38
15945	18
16051	29
16057	20
16066	23
16070	17
16072	20
16076	17
16082	25
16085	23
16087	23
16122	26
16148	20
16150	23
16180	29
16640	32
16686	19
16687	26
16745	28
16837	23
16841	19
16961	23
16962	32
16963	32
16978	342
17021	26
17050	56
17058	17
17283	8
17286	14
17310	180
17401	143
17421	10
17427	23
17444	14
17451	8
17456	359
17467	11
17472	10
17476	35
17481	29
17489	17
17500	20
17501	52
17515	26
17522	41
17526	38
17534	23
17546	26
17552	50
17553	74
17558	26
17562	19
17570	12
17571	27
17573	15
17579	5
17589	20
17592	100
17598	8
17600	26
17608	11
17609	82
17615	14
17626	15
17636	15
17652	41
17667	39
17668	21
17670	25
17674	19
17679	25
17683	102
17696	17
17699	47
17702	17
17704	38
17708	215
17711	28
17712	88
17725	41
17736	29
17756	17
17763	8
17778	20
17782	8
17789	112
17791	39
17795	26
17797	132
17809	19
17815	17
17821	62
17823	23
17824	20
17827	50
17830	31
17833	11
17844	15
17845	4
17853	23
17856	295
17867	172
17876	21
17883	32
17885	29
17903	20
17904	15
17940	26
17989	23
18075	21
18167	358
18215	26
18220	20
18222	26
18224	20
18395	23
18398	17
18402	19
18543	23
18637	26
18639	26
18644	17
18648	26
18651	24
18653	27
18727	20
18780	20
18784	32
18800	280
18805	17
18813	23
18834	23
18861	62
18955	28
18956	18
19163	27
19167	20
19169	31
19172	26
19190	67
19193	38
19240	161
19437	20
19441	22
19463	23
19525	26
19528	20
19534	26
19535	26
19538	27
19540	20
19632	2
19639	21
19697	58
19947	37
19966	18
19984	18
19988	32
19994	29
20136	20
20146	31
20201	20
20216	19
20266	29
20275	28
20298	20
20367	20
20369	26
20516	26
20529	27
20532	18
20533	20
20613	26
20618	26
20619	21
20620	21
20637	21
20680	21
20844	24
20847	31
20852	29
20855	17
20857	24
20864	23
20871	29
20887	23
21337	23
21338	26
21340	20
21342	24
21345	23
21347	23
21348	32
21349	15
21358	26
21364	19
21383	20
21385	21
21400	20
21629	56
21644	28
21787	26
21789	26
21795	21
21798	18
21799	20
21827	20
22258	20
22280	23
22299	22
22300	20
22306	26
22308	23
22486	47
22498	23
22535	30
22549	2
22556	69
22601	51
22610	20
22613	21
22789	20
22794	20
22806	37
22811	32
22813	19
22824	23
22970	44
23027	85
23117	29
23139	37
23141	14
23407	58
23416	23
23420	21
23421	24
23422	22
23424	19
23425	19
23427	30
23430	17
23510	22
23513	49
23560	72
23708	20
23757	26
23759	20
23762	26
23815	35
23817	20
23822	20
23823	22
23866	43
23944	21
23951	22
23954	23
24008	23
24010	26
24078	20
24154	26
24155	21
24162	20
24164	21
24170	32
24172	27
24184	17
24196	23
24341	23
24343	17
24407	20
24436	241
24443	23
24547	20
24549	17
24829	16
24831	26
24832	20
24920	23
24929	26
25211	26
25221	17
25223	23
25226	26
25231	27
25281	85
25433	18
25794	20
25853	18
25912	22
26058	20
26222	26
26343	20
26350	26
26451	20
26455	23
26472	20
26478	17
26495	24
26508	26
26522	32
26551	27
26779	20
26783	32
26980	25
26986	28
27093	20
27164	26
27166	23
27243	25
27246	23
27248	23
27269	23
27271	29
27368	18
27500	29
27715	26
27773	24
27777	23
27780	29
27853	23
27870	20
27871	26
27873	25
27968	17
27971	26
27973	32
28292	31
28293	34
28544	101
28554	32
28561	8
28563	10
28566	34
28572	32
28576	32
28578	44
28579	8
28580	21
28582	458
28584	23
28585	28
28588	56
28593	109
28597	17
28600	458
28602	11
28605	11
28613	20
28615	38
28616	38
28617	32
28618	71
28622	449
28632	32
28634	20
28640	36
28649	79
28656	17
28660	266
28661	17
28667	17
28668	17
28670	23
28684	11
28702	29
28706	38
28724	71
28726	426
28728	23
28729	5
28736	23
28738	23
28739	18
28740	23
28752	29
28757	23
28760	15
28762	28
28766	58
28785	107
28833	50
28837	17
28840	11
28841	11
28843	32
28846	11
28849	10
28856	17
28864	18
28867	23
28870	23
28873	29
28875	17
28879	32
28880	40
28883	15
28884	32
28889	26
28898	8
28902	23
28903	11
28907	20
28910	11
28915	35
28916	5
28929	105
28933	20
28934	20
28937	11
28943	8
28948	23
28949	20
28951	29
28957	14
28960	20
28961	35
28967	23
28968	38
28978	14
28980	32
28985	17
28986	56
28987	87
28989	22
28991	30
28998	134
29000	26
29002	8
29008	38
29009	10
29013	32
29017	29
29019	8
29024	29
29026	20
29028	23
29031	85
29033	10
29038	17
29040	32
29041	17
29042	35
29044	10
29048	10
29052	20
29053	22
29054	20
29056	58
29060	43
29061	14
29062	38
29063	8
29065	17
29071	41
29073	17
29079	20
29084	16
29087	100
29093	20
29094	23
29096	20
29097	17
29100	17
29110	16
29113	37
29115	8
29116	61
29119	68
29120	14
29123	26
29124	17
29125	68
29126	20
29127	27
29128	20
29135	20
29136	23
29138	26
29140	17
29141	8
29143	17
29151	37
29154	37
29156	10
29162	11
29164	20
29172	10
29175	40
29177	25
29185	29
29186	26
29190	73
29193	20
29196	62
29200	20
29206	32
29213	62
29218	35
29219	25
29222	10
29227	10
29229	11
29230	35
29243	236
29249	34
29250	26
29253	20
29256	80
29259	10
29260	35
29264	35
29265	11
29266	20
29267	10
29269	47
29271	20
29273	80
29277	80
29278	14
29280	11
29288	11
29289	29
29291	36
29295	29
29305	5
29306	253
29307	32
29309	15
29310	7
29311	26
29312	32
29313	8
29314	26
29317	31
29320	14
29323	32
29325	20
29327	73
29334	30
29345	12
29349	32
29358	23
29360	10
29361	115
29376	35
29381	39
29392	35
29398	41
29399	20
29403	14
29404	11
29407	62
29414	5
29418	106
29419	50
29422	8
29424	11
29425	73
29426	20
29433	11
29435	26
29437	14
29438	8
29439	28
29442	20
29443	26
29445	26
29447	11
29448	34
29452	78
29455	47
29467	26
29475	32
29478	32
29480	63
29484	153
29495	5
29496	41
29498	37
29499	29
29504	82
29510	35
29512	74
29514	23
29516	23
29517	23
29519	109
29537	80
29541	20
29544	130
29550	26
29558	80
29562	38
29563	88
29565	8
29568	17
29570	23
29571	122
29574	32
29575	26
29576	8
29579	17
29582	14
29585	21
29587	21
29591	25
29605	96
29611	54
29617	11
29623	17
29626	23
29628	11
29630	29
29640	8
29644	20
29645	29
29646	64
29651	29
29654	5
29656	11
29661	32
29664	17
29665	10
29668	26
29670	85
29674	39
29680	29
29684	25
29687	42
29689	29
29691	15
29693	10
29694	17
29695	8
29699	82
29705	17
29718	11
29719	8
29725	32
29727	18
29732	26
29733	94
29744	73
29752	23
29754	12
29766	44
29773	21
29774	8
29776	11
29779	50
29782	29
29783	14
29784	15
29787	26
29796	26
29800	20
29801	10
29802	6
29805	53
29809	23
29810	17
29816	20
29818	11
29819	29
29822	6
29825	647
29826	7
29828	39
29830	26
29834	5
29837	44
29847	23
29848	26
29850	138
29852	20
29856	20
29862	43
29865	8
29867	17
29868	24
29874	35
29875	32
29877	29
29883	62
29885	32
29893	68
29895	44
29901	10
29903	29
29904	41
29908	14
29910	44
29919	41
29920	20
29921	6
29925	32
29926	11
29931	17
29939	47
29947	22
29948	37
29949	32
29954	45
29956	71
29969	11
29972	8
29979	11
29981	11
29987	14
29990	44
29994	10
30002	45
30005	140
30013	10
30020	44
30025	20
30027	53
30030	35
30031	82
30038	45
30048	4
30052	10
30053	10
30056	19
30057	29
30062	17
30066	17
30067	44
30072	8
30076	10
30077	23
30079	11
30080	77
30082	26
30098	32
30101	17
30115	41
30119	11
30123	41
30127	11
30128	10
30139	8
30140	26
30143	26
30144	32
30146	29
30148	20
30153	88
30155	8
30160	91
30161	14
30177	68
30188	17
30193	5
30197	14
30200	8
30201	17
30206	23
30210	10
30214	32
30215	17
30219	14
30226	14
30246	24
30251	11
30260	11
30265	8
30267	44
30270	17
30272	8
30276	11
30278	10
30282	23
30284	41
30298	70
30302	20
30304	14
30314	29
30315	104
30323	10
30327	53
30334	10
30337	20
30342	23
30344	32
30352	29
30358	17
30364	7
30372	36
30374	30
30379	9
30387	23
30390	14
30394	15
30396	11
30399	29
30405	29
30407	8
30408	20
30410	8
30411	19
30419	47
30421	14
30423	17
30428	59
30429	118
30433	10
30440	64
30447	23
30449	11
30451	8
30453	17
30457	8
30460	85
30469	11
30471	21
30474	23
30478	71
30479	14
30485	8
30494	20
30507	23
30518	39
30519	32
30520	8
30522	47
30523	22
30524	126
30539	11
30541	41
30543	7
30546	13
30552	20
30561	23
30562	20
30563	62
30566	74
30567	87
30569	29
30571	49
30573	5
30574	104
30577	32
30579	17
30581	17
30583	26
30584	20
30586	32
30587	23
30588	18
30589	38
30590	27
30591	26
30592	21
30593	26
30596	17
30597	13
30598	64
30604	14
30611	23
30612	37
30617	39
30618	29
30620	8
30625	29
30626	42
30631	74
30633	22
30634	20
30637	23
30639	26
30642	29
30647	10
30650	29
30651	26
30652	23
30653	10
30654	61
30655	24
30658	10
30662	32
30665	10
30666	26
30667	84
30668	26
30672	11
30674	20
30679	39
30682	3
30688	19
30689	73
30690	12
30692	35
30693	20
30696	17
30698	27
30704	25
30714	11
30716	32
30717	95
30722	26
30725	32
30726	23
30729	44
30730	11
30735	9
30740	79
30742	8
30747	32
30749	22
30754	14
30757	11
30760	53
30761	44
30765	23
30768	20
30769	19
30771	65
30772	17
30775	67
30780	104
30787	59
30789	133
30796	110
30803	12
30805	116
30813	56
30814	5
30815	23
30817	26
30818	5
30819	91
30838	4
30841	41
30843	94
30856	20
30859	41
30861	26
30862	11
30863	26
30865	37
30867	17
30869	35
30870	47
30871	55
30873	78
30875	5
30877	10
30878	8
30879	107
30886	67
30893	31
30894	104
30897	34
30899	11
30900	41
30903	11
30906	11
30907	17
30913	30
30917	188
30924	34
30929	41
30934	14
30936	16
30938	20
30939	44
30940	32
30941	20
30943	26
30958	31
30962	8
30965	71
30966	45
30967	23
30968	8
30974	8
30977	56
30983	23
30989	40
30998	24
31011	15
31014	38
31018	41
31019	23
31020	68
31024	16
31028	8
31030	32
31031	23
31038	50
31047	155
31050	33
31057	35
31065	27
31066	28
31067	9
31071	10
31073	26
31084	41
31090	68
31093	11
31101	102
31108	29
31126	54
31135	17
31140	14
31142	26
31143	17
31146	20
31147	8
31155	11
31156	35
31164	17
31167	26
31171	35
31172	17
31173	11
31175	17
31177	35
31180	23
31181	29
31184	11
31187	11
31192	58
31198	19
31213	26
31215	20
31222	8
31226	94
31229	11
31237	8
31238	14
31242	17
31245	38
31248	32
31261	29
31263	20
31264	20
31283	38
31284	38
31325	634
31348	50
31464	86
31719	23
31724	25
31728	26
31730	20
31733	35
31735	19
31738	15
31740	20
31746	21
31750	38
31752	25
31754	27
31756	26
31758	23
31759	23
31760	17
31761	26
31764	29
31766	21
31767	28
31772	32
31779	30
31782	26
31797	22
31806	23
31863	31
31925	29
31970	20
31981	29
32000	23
32007	26
32009	23
32017	26
32198	19
32199	36
32217	19
32434	71
32442	20
32544	26
32562	23
32610	24
32742	20
32833	2
32842	19
32846	17
32877	20
32940	20
32969	20
33216	26
33217	20
33246	20
33288	20
33367	20
33371	26
33374	20
33390	20
33428	21
33430	32
33433	18
33436	16
33437	32
33496	18
33524	26
33559	18
33612	20
33616	23
33814	26
33816	21
33817	20
33820	20
33823	26
34146	20
34196	31
34202	26
34206	26
34226	2
34350	26
34355	20
34357	20
34380	36
34381	26
34478	21
34481	19
34589	26
34692	20
34696	20
34721	23
34846	24
34851	18
34855	29
34932	17
35027	29
35080	24
35153	32
35154	19
